SIZES
  narena                14680064
  nbuffer               429600
  nplugin               0
  maxuse_stack          11400
  maxuse_arena          52604
  maxuse_con            11
  maxuse_efc            61
  solver_nisland        1
  ne                    0
  nf                    12
  nl                    4
  nefc                  61
  nnzJ                  1098
  ncon                  11
  nisland               0
  threadpool            0

TIMER
    0:  duration =  0.53       number = 7
    1:  duration =  0.52       number = 7
    2:  duration =  0          number = 0
    3:  duration =  0.32       number = 7
    4:  duration =  0.016      number = 7
    5:  duration =  0.0053     number = 7
    6:  duration =  0.15       number = 7
    7:  duration =  0.0098     number = 7
    8:  duration =  0.036      number = 7
    9:  duration =  0.011      number = 7
    10:  duration =  0.21       number = 7
    11:  duration =  0.052      number = 7
    12:  duration =  0.00048    number = 7
    13:  duration =  0.049      number = 7
    14:  duration =  0.069      number = 7

SOLVER STAT
  solver_nisland = 1
  solver_fwdinv =   0         0       
  ISLAND 0
    solver_niter = 1
    solver_nnz = 324
      0:  improvement =  2.4e-15     gradient =  6.2e-14     lineslope =  5.8e-16 
          nactive = 61   nchange = 0   neval = 2   nupdate = 9

ENERGY =   0         0       

TIME =  2.2e+02 

QPOS
   2.8     
  -0.57    
   0.077   
  -1       
  -0.0039  
   0.052   
  -0.077   
   0.13    
   1.2     
  -2.7     
  -0.13    
   1.2     
  -2.7     
   0.48    
   1.2     
  -2.7     
  -0.48    
   1.2     
  -2.7     

QVEL
   6.2e-07 
  -2.6e-06 
  -5.3e-07 
   4.2e-05 
  -1.4e-06 
  -2.2e-06 
  -0.00011 
   2.5e-05 
  -1.5e-05 
   3.2e-05 
   6.7e-05 
  -2.2e-05 
   0.0002  
  -0.00017 
   0.00013 
  -0.00031 
  -0.00016 
   0.00013 

QACC_WARMSTART
  -1.9e-07 
   8.6e-07 
   1.7e-07 
  -1.3e-05 
   2.6e-07 
   5.9e-07 
   2.7e-05 
  -3.7e-06 
   2.9e-06 
   9.4e-06 
  -1.1e-05 
   2.2e-06 
  -4.5e-05 
   4.3e-05 
  -3.4e-05 
   6e-05   
   2.7e-05 
  -2.3e-05 

CTRL
  -0.00011 
  -0.00024 
   7.6e-05 
   0.00039 
  -8.9e-05 
   5.3e-05 
   0.0011  
   0.00057 
  -0.00047 
  -0.00069 
   0.0006  
  -0.00047 

QFRC_APPLIED
   0       
   0       
   0       
   0       
   0       
   0       
   0       
   0       
   0       
   0       
   0       
   0       
   0       
   0       
   0       
   0       
   0       
   0       

XFRC_APPLIED
   0         0         0         0         0         0       
   0         0         0         0         0         0       
   0         0         0         0         0         0       
   0         0         0         0         0         0       
   0         0         0         0         0         0       
   0         0         0         0         0         0       
   0         0         0         0         0         0       
   0         0         0         0         0         0       
   0         0         0         0         0         0       
   0         0         0         0         0         0       
   0         0         0         0         0         0       
   0         0         0         0         0         0       
   0         0         0         0         0         0       
   0         0         0         0         0         0       
   0         0         0         0         0         0       
   0         0         0         0         0         0       
   0         0         0         0         0         0       
   0         0         0         0         0         0       

QACC
  -1.9e-07 
   8.6e-07 
   1.7e-07 
  -1.3e-05 
   2.6e-07 
   5.9e-07 
   2.7e-05 
  -3.7e-06 
   2.9e-06 
   9.4e-06 
  -1.1e-05 
   2.2e-06 
  -4.5e-05 
   4.3e-05 
  -3.4e-05 
   6e-05   
   2.7e-05 
  -2.3e-05 

SENSOR
  -0.13    
   1.2     
  -2.7     
   0.13    
   1.2     
  -2.7     
  -0.48    
   1.2     
  -2.7     
   0.48    
   1.2     
  -2.7     
   3.2e-05 
   6.7e-05 
  -2.2e-05 
  -0.00011 
   2.5e-05 
  -1.5e-05 
  -0.00031 
  -0.00016 
   0.00013 
   0.0002  
  -0.00017 
   0.00013 
  -0.00011 
  -0.00024 
   7.6e-05 
   0.0004  
  -8.9e-05 
   5.3e-05 
   0.0011  
   0.00057 
  -0.00047 
  -0.00069 
   0.0006  
  -0.00047 
  -1       
  -0.0039  
   0.052   
  -0.077   
   4.2e-05 
  -1.4e-06 
  -2.2e-06 
   1       
  -0.002   
   9.8     
   2.8     
  -0.57    
   0.12    
   8.3e-07 
  -4.3e-06 
  -5.8e-07 

XPOS
   0         0         0       
   2.8      -0.57      0.077   
   3        -0.49      0.097   
   3        -0.4       0.11    
   2.8      -0.42      0.018   
   3        -0.38      0.025   
   3        -0.58      0.097   
   3        -0.68      0.11    
   2.8      -0.72      0.018   
   3        -0.69      0.025   
   2.6      -0.55      0.057   
   2.6      -0.47      0.1     
   2.4      -0.47      0.02    
   2.6      -0.43      0.024   
   2.6      -0.64      0.057   
   2.6      -0.73      0.1     
   2.4      -0.79      0.02    
   2.7      -0.76      0.024   

XQUAT
   1         0         0         0       
  -1        -0.0039    0.052    -0.077   
  -0.99     -0.07      0.047    -0.08    
  -0.84     -0.012    -0.53     -0.11    
  -0.7      -0.11      0.71     -0.011   
  -0.7      -0.11      0.71     -0.011   
  -0.99      0.062     0.057    -0.073   
  -0.85      0.093    -0.52     -0.024   
  -0.69     -0.0041    0.72     -0.096   
  -0.69     -0.0041    0.72     -0.096   
  -0.97     -0.24      0.032    -0.087   
  -0.8      -0.14     -0.54     -0.21    
  -0.69     -0.24      0.67      0.097   
  -0.69     -0.24      0.67      0.097   
  -0.97      0.23      0.068    -0.062   
  -0.83      0.22     -0.51      0.085   
  -0.67      0.13      0.7      -0.2     
  -0.67      0.13      0.7      -0.2     

XMAT
   1         0         0         0         1         0         0         0         1       
   0.98     -0.15     -0.1       0.15      0.99     -0.016     0.1      -0.0002    0.99    
   0.98     -0.17     -0.081     0.15      0.98     -0.15      0.1       0.13      0.99    
   0.41     -0.17      0.9       0.19      0.98      0.093    -0.89      0.13      0.43    
  -0.011    -0.17     -0.99     -0.14      0.98     -0.16      0.99      0.13     -0.033   
  -0.011    -0.17     -0.99     -0.14      0.98     -0.16      0.99      0.13     -0.033   
   0.98     -0.14     -0.12      0.15      0.98      0.12      0.1      -0.13      0.99    
   0.45     -0.14      0.88     -0.057     0.98      0.18     -0.89     -0.13      0.43    
  -0.051    -0.14     -0.99      0.13      0.98     -0.14      0.99     -0.13     -0.033   
  -0.051    -0.14     -0.99      0.13      0.98     -0.14      0.99     -0.13     -0.033   
   0.98     -0.18     -0.021     0.15      0.87     -0.47      0.1       0.46      0.88    
   0.33     -0.18      0.93      0.49      0.87     -0.0032   -0.81      0.46      0.38    
   0.073    -0.18     -0.98     -0.45      0.87     -0.2       0.89      0.46     -0.019   
   0.073    -0.18     -0.98     -0.45      0.87     -0.2       0.89      0.46     -0.019   
   0.98     -0.089    -0.16      0.15      0.89      0.44      0.1      -0.46      0.88    
   0.46     -0.089     0.88     -0.37      0.89      0.28     -0.81     -0.46      0.38    
  -0.067    -0.089    -0.99      0.45      0.89     -0.11      0.89     -0.46     -0.019   
  -0.067    -0.089    -0.99      0.45      0.89     -0.11      0.89     -0.46     -0.019   

XIPOS
   0         0         0       
   2.8      -0.56      0.074   
   3        -0.49      0.097   
   3        -0.42      0.096   
   2.9      -0.4       0.029   
   3.2      -0.35      0.032   
   3        -0.59      0.097   
   3        -0.66      0.096   
   3        -0.7       0.029   
   3.3      -0.66      0.032   
   2.6      -0.55      0.058   
   2.6      -0.49      0.081   
   2.5      -0.44      0.028   
   2.8      -0.38      0.028   
   2.6      -0.64      0.058   
   2.6      -0.72      0.081   
   2.6      -0.77      0.028   
   2.9      -0.74      0.028   

XIMAT
   1         0         0         0         1         0         0         0         1       
  -0.084     0.15      0.98     -0.016    -0.99      0.15      1        -0.0032    0.086   
  -0.17     -0.073     0.98      0.98     -0.14      0.16      0.13      0.99      0.095   
   0.12     -0.33      0.93      0.98      0.2      -0.056    -0.17      0.92      0.35    
  -0.17      0.013    -0.98      0.97      0.15     -0.17      0.14     -0.99     -0.038   
  -0.011    -0.17     -0.99     -0.14      0.98     -0.16      0.99      0.13     -0.033   
  -0.13     -0.11      0.99      0.98      0.11      0.14     -0.13      0.99      0.095   
  -0.41     -0.26      0.87      0.89     -0.3       0.34      0.17      0.92      0.35    
  -0.13      0.057    -0.99      0.98     -0.14     -0.14     -0.14     -0.99     -0.038   
  -0.051    -0.14     -0.99      0.13      0.98     -0.14      0.99     -0.13     -0.033   
  -0.18     -0.031     0.98      0.87     -0.46      0.14      0.45      0.88      0.11    
   0.079    -0.26      0.96      0.99     -0.12     -0.12      0.15      0.96      0.25    
  -0.19     -0.071    -0.98      0.86      0.46     -0.2       0.47     -0.88     -0.027   
   0.073    -0.18     -0.98     -0.45      0.87     -0.2       0.89      0.46     -0.019   
  -0.097    -0.17      0.98      0.89      0.43      0.16     -0.45      0.89      0.11    
  -0.37     -0.29      0.88      0.92      0.038     0.4      -0.15      0.96      0.25    
  -0.08      0.072    -0.99      0.88     -0.46     -0.1      -0.47     -0.88     -0.027   
  -0.067    -0.089    -0.99      0.45      0.89     -0.11      0.89     -0.46     -0.019   

XANCHOR
   2.8      -0.57      0.077   
   3        -0.49      0.097   
   3        -0.4       0.11    
   2.8      -0.42      0.018   
   3        -0.58      0.097   
   3        -0.68      0.11    
   2.8      -0.72      0.018   
   2.6      -0.55      0.057   
   2.6      -0.47      0.1     
   2.4      -0.47      0.02    
   2.6      -0.64      0.057   
   2.6      -0.73      0.1     
   2.4      -0.79      0.02    

XAXIS
   0         0         1       
   0.98      0.15      0.1     
  -0.17      0.98      0.13    
  -0.17      0.98      0.13    
   0.98      0.15      0.1     
  -0.14      0.98     -0.13    
  -0.14      0.98     -0.13    
   0.98      0.15      0.1     
  -0.18      0.87      0.46    
  -0.18      0.87      0.46    
   0.98      0.15      0.1     
  -0.089     0.89     -0.46    
  -0.089     0.89     -0.46    

GEOM_XPOS
   0         0         0       
   3.1      -0.52      0.046   
   3.1      -0.52      0.049   
   3.1      -0.52      0.14    
   2.9      -0.55      0.12    
   2.9      -0.56      0.084   
   2.8      -0.57      0.077   
   3.1      -0.52      0.12    
   3.1      -0.52      0.048   
   3        -0.5       0.095   
   3        -0.49      0.097   
   3        -0.41      0.11    
   2.9      -0.42      0.093   
   3        -0.42      0.12    
   2.9      -0.41      0.064   
   2.9      -0.4       0.029   
   3        -0.38      0.019   
   2.8      -0.41      0.028   
   2.9      -0.4       0.042   
   3        -0.38      0.019   
   3        -0.38      0.023   
   3        -0.58      0.095   
   3        -0.6       0.097   
   3        -0.66      0.11    
   3        -0.67      0.093   
   3        -0.65      0.12    
   2.9      -0.7       0.064   
   3        -0.7       0.029   
   3.1      -0.69      0.019   
   2.9      -0.71      0.03    
   3        -0.69      0.042   
   3.1      -0.69      0.019   
   3        -0.69      0.023   
   2.6      -0.55      0.057   
   2.6      -0.54      0.063   
   2.6      -0.48      0.094   
   2.6      -0.48      0.081   
   2.6      -0.49      0.099   
   2.5      -0.47      0.06    
   2.5      -0.45      0.029   
   2.6      -0.42      0.02    
   2.5      -0.46      0.03    
   2.5      -0.45      0.041   
   2.6      -0.42      0.019   
   2.6      -0.43      0.023   
   2.6      -0.64      0.057   
   2.6      -0.65      0.063   
   2.6      -0.71      0.094   
   2.6      -0.72      0.081   
   2.6      -0.7       0.099   
   2.5      -0.76      0.06    
   2.6      -0.77      0.029   
   2.7      -0.77      0.02    
   2.5      -0.78      0.03    
   2.6      -0.76      0.041   
   2.7      -0.77      0.019   
   2.7      -0.77      0.023   

GEOM_XMAT
   1         0         0         0         1         0         0         0         1       
  -0.35     -0.92      0.15     -0.056    -0.14     -0.99      0.93     -0.36     -0.0016  
  -0.35     -0.92      0.15     -0.055    -0.14     -0.99      0.93     -0.36     -0.00038 
   0.98     -0.15     -0.15      0.15      0.99     -0.023     0.15      5.3e-05   0.99    
  -0.12      0.17      0.98     -0.01     -0.99      0.17      0.99      0.0097    0.12    
  -0.15      0.15      0.98     -0.036    -0.99      0.15      0.99     -0.013     0.15    
   0.98     -0.15     -0.1       0.15      0.99     -0.016     0.1      -0.0002    0.99    
   0.98     -0.15     -0.1       0.15      0.99     -0.016     0.1      -0.0002    0.99    
   0.98     -0.15     -0.1       0.15      0.99     -0.016     0.1      -0.0002    0.99    
  -0.11     -0.078     0.99      0.98     -0.15      0.1       0.14      0.99      0.094   
  -0.51     -0.08      0.86      0.86     -0.15      0.5       0.086     0.99      0.14    
   0.98     -0.081     0.17      0.15     -0.15     -0.98      0.1       0.99     -0.13    
  -0.00069  -0.36      0.93      1        -0.077    -0.029     0.082     0.93      0.35    
   0.57     -0.82      0.015    -0.61     -0.44     -0.66      0.55      0.36     -0.75    
  -0.9      -0.17      0.41     -0.093     0.98      0.19     -0.43      0.13     -0.89    
  -0.17      0.053    -0.98      0.98      0.13     -0.16      0.12     -0.99     -0.073   
  -0.84      0.17      0.52     -0.21     -0.98     -0.029     0.5      -0.13      0.86    
  -0.22     -0.17     -0.96     -0.17      0.98     -0.13      0.96      0.13     -0.24    
   0.039    -0.17     -0.99     -0.13      0.98     -0.17      0.99      0.13      0.017   
  -0.84      0.16      0.52     -0.21     -0.98     -0.029     0.5      -0.13      0.86    
  -0.011    -0.17     -0.99     -0.14      0.98     -0.16      0.99      0.13     -0.033   
   0.19      0.13      0.97     -0.97     -0.12      0.2       0.14     -0.99      0.1     
  -0.23      0.12      0.97     -0.97     -0.12     -0.21      0.086    -0.99      0.15    
   0.98     -0.12      0.14      0.15      0.12     -0.98      0.1       0.99      0.13    
  -0.3      -0.36      0.88      0.95     -0.034     0.31     -0.082     0.93      0.35    
   0.36     -0.92      0.18      0.76      0.17     -0.63      0.55      0.36      0.75    
  -0.88     -0.14      0.45     -0.18      0.98     -0.057    -0.43     -0.13     -0.89    
  -0.14      0.089    -0.99      0.98     -0.1      -0.15     -0.12     -0.99     -0.073   
  -0.86      0.14      0.48     -0.054    -0.98      0.18      0.5       0.13      0.86    
  -0.25     -0.14     -0.96      0.095     0.98     -0.17      0.96     -0.13     -0.23    
  -0.0017   -0.14     -0.99      0.13      0.98     -0.14      0.99     -0.13      0.017   
  -0.86      0.14      0.48     -0.054    -0.98      0.18      0.5       0.13      0.86    
  -0.051    -0.14     -0.99      0.13      0.98     -0.14      0.99     -0.13     -0.033   
  -0.23      0.018    -0.97      0.86      0.47     -0.2       0.45     -0.88     -0.12    
   0.18      0.02     -0.98      0.87      0.47      0.17      0.46     -0.88      0.069   
   0.98     -0.021     0.18      0.15     -0.47     -0.87      0.1       0.88     -0.46    
  -0.024    -0.28      0.96      0.91     -0.39     -0.091     0.4       0.88      0.26    
   0.63     -0.78     -0.027    -0.73     -0.58     -0.37      0.27      0.25     -0.93    
  -0.93     -0.18      0.33      0.0032    0.87      0.49     -0.38      0.46     -0.81    
  -0.19     -0.03     -0.98      0.88      0.44     -0.18      0.44     -0.9      -0.056   
  -0.79      0.18      0.58     -0.41     -0.87     -0.28      0.46     -0.46      0.76    
  -0.12     -0.18     -0.98     -0.48      0.87     -0.1       0.87      0.46     -0.2     
   0.12     -0.18     -0.98     -0.44      0.87     -0.22      0.89      0.46      0.026   
  -0.79      0.18      0.58     -0.41     -0.87     -0.28      0.46     -0.46      0.76    
   0.073    -0.18     -0.98     -0.45      0.87     -0.2       0.89      0.46     -0.019   
   0.037    -0.16     -0.99     -0.89      0.44     -0.11      0.45      0.88     -0.13    
   0.44     -0.16     -0.88     -0.77      0.44     -0.46      0.46      0.88      0.067   
   0.98     -0.16      0.089     0.15      0.44     -0.89      0.1       0.88      0.46    
  -0.25     -0.38      0.89      0.88      0.29      0.38     -0.4       0.88      0.26    
   0.38     -0.91      0.14      0.88      0.32     -0.35      0.27      0.26      0.93    
  -0.88     -0.089     0.46     -0.28      0.89     -0.37     -0.38     -0.46     -0.81    
  -0.088     0.11     -0.99      0.89     -0.43     -0.13     -0.44     -0.9      -0.056   
  -0.88      0.089     0.47      0.15     -0.89      0.44      0.46      0.46      0.76    
  -0.26     -0.089    -0.96      0.42      0.89     -0.2       0.87     -0.46     -0.2     
  -0.017    -0.089    -1         0.46      0.89     -0.087     0.89     -0.46      0.026   
  -0.88      0.089     0.47      0.15     -0.89      0.44      0.46      0.46      0.76    
  -0.067    -0.089    -0.99      0.45      0.89     -0.11      0.89     -0.46     -0.019   

SITE_XPOS
   2.8      -0.57      0.12    

SITE_XMAT
   0.98     -0.15     -0.1       0.15      0.99     -0.016     0.1      -0.0002    0.99    

LIGHT_XPOS
   0         0         1.5     

LIGHT_XDIR
   0         0        -1       

SUBTREE_COM
   2.8      -0.57      0.076   
   2.8      -0.57      0.076   
   3        -0.44      0.088   
   2.9      -0.42      0.084   
   2.9      -0.4       0.029   
   3.2      -0.35      0.032   
   3        -0.64      0.088   
   3        -0.67      0.084   
   3        -0.7       0.029   
   3.3      -0.66      0.032   
   2.6      -0.5       0.068   
   2.6      -0.48      0.072   
   2.5      -0.44      0.028   
   2.8      -0.38      0.028   
   2.6      -0.7       0.068   
   2.6      -0.73      0.072   
   2.6      -0.77      0.028   
   2.9      -0.74      0.028   

CDOF
   0         0         0         1         0         0       
   0         0         0         0         1         0       
   0         0         0         0         0         1       
   0.98      0.15      0.1      -8.5e-05   0.00055  -7e-07   
  -0.15      0.99     -0.0002   -0.00095  -0.00015   0.0038  
  -0.1      -0.016     0.99      0.0006   -0.0039    8.6e-07 
   0.98      0.15      0.1       0.0047    0.0013   -0.046   
  -0.17      0.98      0.13     -0.01     -0.028     0.2     
  -0.17      0.98      0.13      0.077     0.012     0.0051  
   0.98      0.15      0.1      -0.0049   -0.00018   0.046   
  -0.14      0.98     -0.13     -0.019     0.024     0.2     
  -0.14      0.98     -0.13      0.077     0.012     0.0051  
   0.98      0.15      0.1       0.0047    0.0013   -0.046   
  -0.18      0.87      0.46      0.024     0.092    -0.17    
  -0.18      0.87      0.46      0.095     0.2      -0.34    
   0.98      0.15      0.1      -0.0049   -0.00018   0.046   
  -0.089     0.89     -0.46      0.051    -0.08     -0.17    
  -0.089     0.89     -0.46      0.15     -0.16     -0.34    

CINERT
   0         0         0         0         0         0         0         0         0         0       
   0.027     0.1       0.11     -0.012    -0.0066   -0.001     0.17      0.027    -0.015     6.9     
   0.0048    0.023     0.027    -0.0095   -0.0025   -0.001     0.12      0.052     0.014     0.68    
   0.026     0.03      0.053    -0.024    -0.0049   -0.0032    0.17      0.17      0.023     1.2     
   0.0077    0.0054    0.012    -0.0052    0.0013    0.002     0.029     0.041    -0.011     0.24    
   0         0         0         0         0         0         0         0        -0         0       
   0.001     0.027     0.027     0.0024   -0.0027    0.00022   0.13     -0.013     0.014     0.68    
   0.013     0.043     0.053     0.018    -0.0057    0.0016    0.21     -0.11      0.023     1.2     
   0.0045    0.0086    0.012     0.0049    0.0018   -0.0015    0.04     -0.031    -0.011     0.24    
   0         0         0         0         0         0         0        -0        -0         0       
   0.00097   0.025     0.025     0.0025   -0.0023    0.00035  -0.13      0.013    -0.012     0.68    
   0.0085    0.071     0.078     0.022     0.00018  -0.0003   -0.27      0.091     0.0057    1.2     
   0.0045    0.019     0.023     0.0079   -0.0031    0.0015   -0.065     0.03     -0.012     0.24    
   0         0         0         0         0         0         0         0        -0         0       
   0.0046    0.021     0.025    -0.009    -0.0021   -0.001    -0.12     -0.051    -0.012     0.68    
   0.027     0.053     0.078    -0.036     8.1e-05   0.00034  -0.23     -0.17      0.0057    1.2     
   0.01      0.014     0.023    -0.011    -0.0026   -0.0023   -0.053    -0.048    -0.012     0.24    
   0         0         0         0         0         0         0        -0        -0         0       

ACTUATOR_LENGTH
  -0.13    
   1.2     
  -2.7     
   0.13    
   1.2     
  -2.7     
  -0.48    
   1.2     
  -2.7     
   0.48    
   1.2     
  -2.7     

ACTUATOR_MOMENT
   0         0         0         0         0         0         0         0         0         1         0         0         0         0         0         0         0         0       
   0         0         0         0         0         0         0         0         0         0         1         0         0         0         0         0         0         0       
   0         0         0         0         0         0         0         0         0         0         0         1         0         0         0         0         0         0       
   0         0         0         0         0         0         1         0         0         0         0         0         0         0         0         0         0         0       
   0         0         0         0         0         0         0         1         0         0         0         0         0         0         0         0         0         0       
   0         0         0         0         0         0         0         0         1         0         0         0         0         0         0         0         0         0       
   0         0         0         0         0         0         0         0         0         0         0         0         0         0         0         1         0         0       
   0         0         0         0         0         0         0         0         0         0         0         0         0         0         0         0         1         0       
   0         0         0         0         0         0         0         0         0         0         0         0         0         0         0         0         0         1       
   0         0         0         0         0         0         0         0         0         0         0         0         1         0         0         0         0         0       
   0         0         0         0         0         0         0         0         0         0         0         0         0         1         0         0         0         0       
   0         0         0         0         0         0         0         0         0         0         0         0         0         0         1         0         0         0       

CRB
   0         0         0         0         0         0         0         0         0         0       
   0.14      0.44      0.55     -0.048    -0.029    -0.0045   -6.7e-16  -2.2e-16  -2.2e-16   15      
   0.038     0.059     0.092    -0.038    -0.0062   -0.0023    0.32      0.26      0.025     2.1     
   0.033     0.036     0.065    -0.029    -0.0036   -0.0013    0.19      0.21      0.011     1.4     
   0.0077    0.0054    0.012    -0.0052    0.0013    0.002     0.029     0.041    -0.011     0.24    
   0         0         0         0         0         0         0         0        -0         0       
   0.018     0.079     0.092     0.025    -0.0066    0.00033   0.38     -0.15      0.025     2.1     
   0.017     0.052     0.065     0.023    -0.0038    0.00011   0.25     -0.14      0.011     1.4     
   0.0045    0.0086    0.012     0.0049    0.0018   -0.0015    0.04     -0.031    -0.011     0.24    
   0         0         0         0         0         0         0        -0        -0         0       
   0.014     0.12      0.13      0.033    -0.0053    0.0015   -0.47      0.13     -0.018     2.1     
   0.013     0.091     0.1       0.03     -0.003     0.0012   -0.34      0.12     -0.0058    1.4     
   0.0045    0.019     0.023     0.0079   -0.0031    0.0015   -0.065     0.03     -0.012     0.24    
   0         0         0         0         0         0         0         0        -0         0       
   0.042     0.088     0.13     -0.056    -0.0046   -0.003    -0.4      -0.27     -0.018     2.1     
   0.037     0.066     0.1      -0.047    -0.0025   -0.002    -0.29     -0.22     -0.0058    1.4     
   0.01      0.014     0.023    -0.011    -0.0026   -0.0023   -0.053    -0.048    -0.012     0.24    
   0         0         0         0         0         0         0        -0        -0         0       

QM
   15        0         0        -0.0013   -0.014     0.0091   -0.013    -0.031     0.0019    0.0095   -0.033     0.0033   -0.007    -0.026    -0.001     0.015    -0.034     0.0038  
   0         15        0         0.0083   -0.0022   -0.059     0.011    -0.012     0.0049    0.014     0.0018   -0.0041   -0.028    -0.028     0.016    -0.025     0.019    -0.015   
   0         0         15       -1.1e-05   0.058     1.3e-05   0.11      0.048    -0.034    -0.11      0.048    -0.034     0.11      0.043    -0.03     -0.11      0.043    -0.03    
  -0.0013    0.0083   -1.1e-05   0.13      0.00012   0.014     0.017     0.0072   -0.0048    0.017    -0.0072    0.0048    0.017     0.007    -0.0047    0.017    -0.007     0.0047  
  -0.014    -0.0022    0.058     0.00012   0.45     -4.8e-05  -0.016     0.00054   0.0061    0.016     0.00054   0.0061    0.026     0.017    -0.0063   -0.026     0.017    -0.0063  
   0.0091   -0.059     1.3e-05   0.014    -4.8e-05   0.55      0.0005    0.0039    0.00095   0.00051  -0.0039   -0.00095   0.0053    0.013    -0.003     0.0053   -0.013     0.003   
  -0.013     0.011     0.11      0.017    -0.016     0.0005    0.022     0.0048   -0.0033    0         0         0         0         0         0         0         0         0       
  -0.031    -0.012     0.048     0.0072    0.00054   0.0039    0.0048    0.021    -0.00045   0         0         0         0         0         0         0         0         0       
   0.0019    0.0049   -0.034    -0.0048    0.0061    0.00095  -0.0033   -0.00045   0.016     0         0         0         0         0         0         0         0         0       
   0.0095    0.014    -0.11      0.017     0.016     0.00051   0         0         0         0.022    -0.0048    0.0033    0         0         0         0         0         0       
  -0.033     0.0018    0.048    -0.0072    0.00054  -0.0039    0         0         0        -0.0048    0.021    -0.00045   0         0         0         0         0         0       
   0.0033   -0.0041   -0.034     0.0048    0.0061   -0.00095   0         0         0         0.0033   -0.00045   0.016     0         0         0         0         0         0       
  -0.007    -0.028     0.11      0.017     0.026     0.0053    0         0         0         0         0         0         0.022     0.0049   -0.0032    0         0         0       
  -0.026    -0.028     0.043     0.007     0.017     0.013     0         0         0         0         0         0         0.0049    0.021    -0.00045   0         0         0       
  -0.001     0.016    -0.03     -0.0047   -0.0063   -0.003     0         0         0         0         0         0        -0.0032   -0.00045   0.016     0         0         0       
   0.015    -0.025    -0.11      0.017    -0.026     0.0053    0         0         0         0         0         0         0         0         0         0.022    -0.0049    0.0032  
  -0.034     0.019     0.043    -0.007     0.017    -0.013     0         0         0         0         0         0         0         0         0        -0.0049    0.021    -0.00045 
   0.0038   -0.015    -0.03      0.0047   -0.0063    0.003     0         0         0         0         0         0         0         0         0         0.0032   -0.00045   0.016   

QLD
   15       -0.00035   0.028    -0.092     0.11      0.0057   -0.3      -1.5       0.11      0.068    -1.6       0.2      -0.055    -1.3      -0.062     0.34     -1.6       0.23    
  -0.00035   15        0.0043    0.59      0.018    -0.036     0.71     -0.55      0.3       0.77      0.08     -0.25     -0.94     -1.3       0.96     -0.88      0.89     -0.93    
   0.028     0.0043    13        0.00028  -0.19     -5.7e-05   4.7       2.2      -2.1      -4.7       2.2      -2.1       4.6       2        -1.9      -4.6       2        -1.9     
  -0.092     0.59      0.00028   0.075     0.00036  -0.0013    0.72      0.34     -0.3       0.72     -0.34      0.3       0.71      0.33     -0.29      0.71     -0.33      0.29    
   0.11      0.018    -0.19      0.00036   0.34     -0.00015  -0.77      0.034     0.37      0.77      0.034     0.37      1.1       0.83     -0.39     -1.1       0.83     -0.39    
   0.0057   -0.036    -5.7e-05  -0.0013   -0.00015   0.53     -0.011     0.19      0.058    -0.01     -0.19     -0.058     0.087     0.62     -0.18      0.086    -0.62      0.18    
  -0.3       0.71      4.7       0.72     -0.77     -0.011     0.02      0.23     -0.2       0         0         0         0         0         0         0         0         0       
  -1.5      -0.55      2.2       0.34      0.034     0.19      0.23      0.021    -0.027     0         0         0         0         0         0         0         0         0       
   0.11      0.3      -2.1      -0.3       0.37      0.058    -0.2      -0.027     0.016     0         0         0         0         0         0         0         0         0       
   0.068     0.77     -4.7       0.72      0.77     -0.01      0         0         0         0.02     -0.23      0.2       0         0         0         0         0         0       
  -1.6       0.08      2.2      -0.34      0.034    -0.19      0         0         0        -0.23      0.021    -0.027     0         0         0         0         0         0       
   0.2      -0.25     -2.1       0.3       0.37     -0.058     0         0         0         0.2      -0.027     0.016     0         0         0         0         0         0       
  -0.055    -0.94      4.6       0.71      1.1       0.087     0         0         0         0         0         0         0.02      0.23     -0.2       0         0         0       
  -1.3      -1.3       2         0.33      0.83      0.62      0         0         0         0         0         0         0.23      0.021    -0.028     0         0         0       
  -0.062     0.96     -1.9      -0.29     -0.39     -0.18      0         0         0         0         0         0        -0.2      -0.028     0.016     0         0         0       
   0.34     -0.88     -4.6       0.71     -1.1       0.086     0         0         0         0         0         0         0         0         0         0.02     -0.23      0.2     
  -1.6       0.89      2        -0.33      0.83     -0.62      0         0         0         0         0         0         0         0         0        -0.23      0.021    -0.028   
   0.23     -0.93     -1.9       0.29     -0.39      0.18      0         0         0         0         0         0         0         0         0         0.2      -0.028     0.016   

QLDIAGINV
   0.067   
   0.067   
   0.078   
   13      
   2.9     
   1.9     
   50      
   48      
   61      
   50      
   48      
   61      
   50      
   48      
   61      
   50      
   48      
   61      

QLDIAGSQRTINV
   0.26    
   0.26    
   0.28    
   3.7     
   1.7     
   1.4     
   7.1     
   6.9     
   7.8     
   7.1     
   6.9     
   7.8     
   7.1     
   6.9     
   7.8     
   7.1     
   6.9     
   7.8     

D_rownnz              18 18 18 18 18 18 9 9 9 9 9 9 9 9 9 9 9 9

D_rowadr              0 18 36 54 72 90 108 117 126 135 144 153 162 171 180 189 198 207

D_colind              0 1 2 3 4 5 6 7 8 9 10 11 12 13 14 15 16 17 0 1 2 3 4 5 6 7 8 9 10 11 12 13 14 15 16 17 0 1 2 3 4 5 6 7 8 9 10 11 12 13 14 15 16 17 0 1 2 3 4 5 6 7 8 9 10 11 12 13 14 15 16 17 0 1 2 3 4 5 6 7 8 9 10 11 12 13 14 15 16 17 0 1 2 3 4 5 6 7 8 9 10 11 12 13 14 15 16 17 0 1 2 3 4 5 6 7 8 0 1 2 3 4 5 6 7 8 0 1 2 3 4 5 6 7 8 0 1 2 3 4 5 9 10 11 0 1 2 3 4 5 9 10 11 0 1 2 3 4 5 9 10 11 0 1 2 3 4 5 12 13 14 0 1 2 3 4 5 12 13 14 0 1 2 3 4 5 12 13 14 0 1 2 3 4 5 15 16 17 0 1 2 3 4 5 15 16 17 0 1 2 3 4 5 15 16 17

B_rownnz              18 18 9 9 9 9 9 9 9 9 9 9 9 9 9 9 9 9

B_rowadr              0 18 36 45 54 63 72 81 90 99 108 117 126 135 144 153 162 171

B_colind              0 1 2 3 4 5 6 7 8 9 10 11 12 13 14 15 16 17 0 1 2 3 4 5 6 7 8 9 10 11 12 13 14 15 16 17 0 1 2 3 4 5 6 7 8 0 1 2 3 4 5 6 7 8 0 1 2 3 4 5 6 7 8 0 1 2 3 4 5 6 7 8 0 1 2 3 4 5 9 10 11 0 1 2 3 4 5 9 10 11 0 1 2 3 4 5 9 10 11 0 1 2 3 4 5 9 10 11 0 1 2 3 4 5 12 13 14 0 1 2 3 4 5 12 13 14 0 1 2 3 4 5 12 13 14 0 1 2 3 4 5 12 13 14 0 1 2 3 4 5 15 16 17 0 1 2 3 4 5 15 16 17 0 1 2 3 4 5 15 16 17 0 1 2 3 4 5 15 16 17

QDERIV
   0         0         0         0         0         0         0         0         0         0         0         0         0         0         0         0         0         0       
   0         0         0         0         0         0         0         0         0         0         0         0         0         0         0         0         0         0       
   0         0         0         0         0         0         0         0         0         0         0         0         0         0         0         0         0         0       
   0         0         0         0         0         0         0         0         0         0         0         0         0         0         0         0         0         0       
   0         0         0         0         0         0         0         0         0         0         0         0         0         0         0         0         0         0       
   0         0         0         0         0         0         0         0         0         0         0         0         0         0         0         0         0         0       
   0         0         0         0         0         0         0         0         0         0         0         0         0         0         0         0         0         0       
   0         0         0         0         0         0         0         0         0         0         0         0         0         0         0         0         0         0       
   0         0         0         0         0         0         0         0         0         0         0         0         0         0         0         0         0         0       
   0         0         0         0         0         0         0         0         0         0         0         0         0         0         0         0         0         0       
   0         0         0         0         0         0         0         0         0         0         0         0         0         0         0         0         0         0       
   0         0         0         0         0         0         0         0         0         0         0         0         0         0         0         0         0         0       
   0         0         0         0         0         0         0         0         0         0         0         0         0         0         0         0         0         0       
   0         0         0         0         0         0         0         0         0         0         0         0         0         0         0         0         0         0       
   0         0         0         0         0         0         0         0         0         0         0         0         0         0         0         0         0         0       
   0         0         0         0         0         0         0         0         0         0         0         0         0         0         0         0         0         0       
   0         0         0         0         0         0         0         0         0         0         0         0         0         0         0         0         0         0       
   0         0         0         0         0         0         0         0         0         0         0         0         0         0         0         0         0         0       

QLU
   0         0         0         0         0         0         0         0         0         0         0         0         0         0         0         0         0         0       
   0         0         0         0         0         0         0         0         0         0         0         0         0         0         0         0         0         0       
   0         0         0         0         0         0         0         0         0         0         0         0         0         0         0         0         0         0       
   0         0         0         0         0         0         0         0         0         0         0         0         0         0         0         0         0         0       
   0         0         0         0         0         0         0         0         0         0         0         0         0         0         0         0         0         0       
   0         0         0         0         0         0         0         0         0         0         0         0         0         0         0         0         0         0       
   0         0         0         0         0         0         0         0         0         0         0         0         0         0         0         0         0         0       
   0         0         0         0         0         0         0         0         0         0         0         0         0         0         0         0         0         0       
   0         0         0         0         0         0         0         0         0         0         0         0         0         0         0         0         0         0       
   0         0         0         0         0         0         0         0         0         0         0         0         0         0         0         0         0         0       
   0         0         0         0         0         0         0         0         0         0         0         0         0         0         0         0         0         0       
   0         0         0         0         0         0         0         0         0         0         0         0         0         0         0         0         0         0       
   0         0         0         0         0         0         0         0         0         0         0         0         0         0         0         0         0         0       
   0         0         0         0         0         0         0         0         0         0         0         0         0         0         0         0         0         0       
   0         0         0         0         0         0         0         0         0         0         0         0         0         0         0         0         0         0       
   0         0         0         0         0         0         0         0         0         0         0         0         0         0         0         0         0         0       
   0         0         0         0         0         0         0         0         0         0         0         0         0         0         0         0         0         0       
   0         0         0         0         0         0         0         0         0         0         0         0         0         0         0         0         0         0       

CONTACT
  0:
     dim           3
     geoms         floor : 6
     exclude       0
     efc_address   16
     solref         0.02      1       
     solimp         0.9       0.95      0.001     0.5       2       
     dist           0.00091 
     includemargin  0.001   
     pos            2.6      -0.64      0.00045 
     frame          0         0         1         0         1         0        -1         0         0       
     friction       1         1         0.2       0.1       0.1     
     mu             0.1     
  1:
     dim           3
     geoms         floor : 6
     exclude       0
     efc_address   19
     solref         0.02      1       
     solimp         0.9       0.95      0.001     0.5       2       
     dist           0.00089 
     includemargin  0.001   
     pos            2.6      -0.55      0.00044 
     frame          0         0         1         0         1         0        -1         0         0       
     friction       1         1         0.2       0.1       0.1     
     mu             0.1     
  2:
     dim           3
     geoms         floor : 8
     exclude       0
     efc_address   22
     solref         0.02      1       
     solimp         0.9       0.95      0.001     0.5       2       
     dist           0.00085 
     includemargin  0.001   
     pos            3.1      -0.52      0.00043 
     frame          0         0         1         0         1         0        -1         0         0       
     friction       1         1         0.2       0.1       0.1     
     mu             0.1     
  3:
     dim           3
     geoms         floor : 14
     exclude       0
     efc_address   25
     solref         0.02      1       
     solimp         0.9       0.95      0.001     0.5       2       
     dist           0.00097 
     includemargin  0.001   
     pos            2.8      -0.43      0.00049 
     frame          0         0         1         0         1         0        -1         0         0       
     friction       1         1         0.2       0.1       0.1     
     mu             0.1     
  4:
     dim           6
     geoms         floor : FL
     exclude       0
     efc_address   28
     solref         0.02      1       
     solimp         0.9       0.95      0.001     0.5       2       
     dist           0.00076 
     includemargin  0.001   
     pos            3        -0.38      0.00038 
     frame          0         0         1         0         1         0        -1         0         0       
     friction       0.4       0.4       0.02      0.01      0.01    
     mu             0.04    
  5:
     dim           3
     geoms         floor : 26
     exclude       0
     efc_address   34
     solref         0.02      1       
     solimp         0.9       0.95      0.001     0.5       2       
     dist           0.00096 
     includemargin  0.001   
     pos            2.8      -0.71      0.00048 
     frame          0         0         1         0         1         0        -1         0         0       
     friction       1         1         0.2       0.1       0.1     
     mu             0.1     
  6:
     dim           6
     geoms         floor : FR
     exclude       0
     efc_address   37
     solref         0.02      1       
     solimp         0.9       0.95      0.001     0.5       2       
     dist           0.00076 
     includemargin  0.001   
     pos            3        -0.69      0.00038 
     frame          0         0         1         0         1         0        -1         0         0       
     friction       0.4       0.4       0.02      0.01      0.01    
     mu             0.04    
  7:
     dim           3
     geoms         floor : 38
     exclude       0
     efc_address   43
     solref         0.02      1       
     solimp         0.9       0.95      0.001     0.5       2       
     dist           0.00099 
     includemargin  0.001   
     pos            2.4      -0.47      0.00049 
     frame          0         0         1         0         1         0        -1         0         0       
     friction       1         1         0.2       0.1       0.1     
     mu             0.1     
  8:
     dim           6
     geoms         floor : RL
     exclude       0
     efc_address   46
     solref         0.02      1       
     solimp         0.9       0.95      0.001     0.5       2       
     dist           0.00052 
     includemargin  0.001   
     pos            2.6      -0.43      0.00026 
     frame          0         0         1         0         1         0        -1         0         0       
     friction       0.4       0.4       0.02      0.01      0.01    
     mu             0.04    
  9:
     dim           3
     geoms         floor : 50
     exclude       0
     efc_address   52
     solref         0.02      1       
     solimp         0.9       0.95      0.001     0.5       2       
     dist           0.00099 
     includemargin  0.001   
     pos            2.5      -0.78      0.00049 
     frame          0         0         1         0         1         0        -1         0         0       
     friction       1         1         0.2       0.1       0.1     
     mu             0.1     
  10:
     dim           6
     geoms         floor : RR
     exclude       0
     efc_address   55
     solref         0.02      1       
     solimp         0.9       0.95      0.001     0.5       2       
     dist           0.00052 
     includemargin  0.001   
     pos            2.7      -0.77      0.00026 
     frame          0         0         1         0         1         0        -1         0         0       
     friction       0.4       0.4       0.02      0.01      0.01    
     mu             0.04    

EFC_TYPE
  1
  1
  1
  1
  1
  1
  1
  1
  1
  1
  1
  1
  3
  3
  3
  3
  7
  7
  7
  7
  7
  7
  7
  7
  7
  7
  7
  7
  7
  7
  7
  7
  7
  7
  7
  7
  7
  7
  7
  7
  7
  7
  7
  7
  7
  7
  7
  7
  7
  7
  7
  7
  7
  7
  7
  7
  7
  7
  7
  7
  7

EFC_ID
  6
  7
  8
  9
  10
  11
  12
  13
  14
  15
  16
  17
  3
  6
  9
  12
  0
  0
  0
  1
  1
  1
  2
  2
  2
  3
  3
  3
  4
  4
  4
  4
  4
  4
  5
  5
  5
  6
  6
  6
  6
  6
  6
  7
  7
  7
  8
  8
  8
  8
  8
  8
  9
  9
  9
  10
  10
  10
  10
  10
  10

EFC_J
   0         0         0         0         0         0         1         0         0         0         0         0         0         0         0         0         0         0       
   0         0         0         0         0         0         0         1         0         0         0         0         0         0         0         0         0         0       
   0         0         0         0         0         0         0         0         1         0         0         0         0         0         0         0         0         0       
   0         0         0         0         0         0         0         0         0         1         0         0         0         0         0         0         0         0       
   0         0         0         0         0         0         0         0         0         0         1         0         0         0         0         0         0         0       
   0         0         0         0         0         0         0         0         0         0         0         1         0         0         0         0         0         0       
   0         0         0         0         0         0         0         0         0         0         0         0         1         0         0         0         0         0       
   0         0         0         0         0         0         0         0         0         0         0         0         0         1         0         0         0         0       
   0         0         0         0         0         0         0         0         0         0         0         0         0         0         1         0         0         0       
   0         0         0         0         0         0         0         0         0         0         0         0         0         0         0         1         0         0       
   0         0         0         0         0         0         0         0         0         0         0         0         0         0         0         0         1         0       
   0         0         0         0         0         0         0         0         0         0         0         0         0         0         0         0         0         1       
   0         0         0         0         0         0         0         0         1         0         0         0         0         0         0         0         0         0       
   0         0         0         0         0         0         0         0         0         0         0         1         0         0         0         0         0         0       
   0         0         0         0         0         0         0         0         0         0         0         0         0         0         1         0         0         0       
   0         0         0         0         0         0         0         0         0         0         0         0         0         0         0         0         0         1       
   0         0         1        -0.047     0.18      0.0049    0         0         0         0         0         0         0         0         0         0         0         0       
   0         1         0         0.058    -0.012    -0.18      0         0         0         0         0         0         0         0         0         0         0         0       
  -1         0         0         0.004     0.076    -0.075     0         0         0         0         0         0         0         0         0         0         0         0       
   0         0         1         0.046     0.18     -0.0048    0         0         0         0         0         0         0         0         0         0         0         0       
   0         1         0         0.056    -0.012    -0.19      0         0         0         0         0         0         0         0         0         0         0         0       
  -1         0         0         0.014     0.076     0.017     0         0         0         0         0         0         0         0         0         0         0         0       
   0         0         1        -1.2e-05  -0.3      -6e-05     0         0         0         0         0         0         0         0         0         0         0         0       
   0         1         0         0.11     -0.012     0.28      0         0         0         0         0         0         0         0         0         0         0         0       
  -1         0         0         0.016     0.076     0.044     0         0         0         0         0         0         0         0         0         0         0         0       
   0         0         1         0.14     -0.0068   -0.015     0.094     0.18      0         0         0         0         0         0         0         0         0         0       
   0         1         0         0.074    -0.012    -0.023     0.075    -0.042     0         0         0         0         0         0         0         0         0         0       
  -1         0         0         0.026     0.076     0.14      0.021     0.1       0         0         0         0         0         0         0         0         0         0       
   0         0         1         0.15     -0.21     -0.016     0.11     -0.021    -0.21      0         0         0         0         0         0         0         0         0       
   0         1         0         0.095    -0.012     0.18      0.095    -0.016     0.025     0         0         0         0         0         0         0         0         0       
  -1         0         0         0.031     0.076     0.18      0.026     0.11      0.022     0         0         0         0         0         0         0         0         0       
   0         0         0         0.1      -0.0002    0.99      0.1       0.13      0.13      0         0         0         0         0         0         0         0         0       
   0         0         0         0.15      0.99     -0.016     0.15      0.98      0.98      0         0         0         0         0         0         0         0         0       
   0         0         0        -0.98      0.15      0.1      -0.98      0.17      0.17      0         0         0         0         0         0         0         0         0       
   0         0         1        -0.14     -0.0068    0.015     0         0         0        -0.094     0.18      0         0         0         0         0         0         0       
   0         1         0         0.078    -0.012     0.02      0         0         0         0.078     0.009     0         0         0         0         0         0         0       
  -1         0         0        -0.0027    0.076    -0.14      0         0         0         0.0021    0.11      0         0         0         0         0         0         0       
   0         0         1        -0.15     -0.21      0.016     0         0         0        -0.11     -0.021    -0.21      0         0         0         0         0         0       
   0         1         0         0.1      -0.012     0.22      0         0         0         0.099    -0.018    -0.03      0         0         0         0         0         0       
  -1         0         0        -0.00066   0.076    -0.12      0         0         0         0.0041    0.11      0.013     0         0         0         0         0         0       
   0         0         0         0.1      -0.0002    0.99      0         0         0         0.1      -0.13     -0.13      0         0         0         0         0         0       
   0         0         0         0.15      0.99     -0.016     0         0         0         0.15      0.98      0.98      0         0         0         0         0         0       
   0         0         0        -0.98      0.15      0.1       0         0         0        -0.98      0.14      0.14      0         0         0         0         0         0       
   0         0         1         0.16      0.38     -0.016     0         0         0         0         0         0         0.11      0.17      0         0         0         0       
   0         1         0         0.033    -0.012    -0.41      0         0         0         0         0         0         0.034    -0.1       0         0         0         0       
  -1         0         0         0.022     0.076     0.096     0         0         0         0         0         0         0.017     0.086     0         0         0         0       
   0         0         1         0.17      0.18     -0.018     0         0         0         0         0         0         0.13     -0.018    -0.19      0         0         0       
   0         1         0         0.054    -0.012    -0.21      0         0         0         0         0         0         0.055    -0.013     0.092     0         0         0       
  -1         0         0         0.027     0.076     0.14      0         0         0         0         0         0         0.022     0.11      0.037     0         0         0       
   0         0         0         0.1      -0.0002    0.99      0         0         0         0         0         0         0.1       0.46      0.46      0         0         0       
   0         0         0         0.15      0.99     -0.016     0         0         0         0         0         0         0.15      0.87      0.87      0         0         0       
   0         0         0        -0.98      0.15      0.1       0         0         0         0         0         0        -0.98      0.18      0.18      0         0         0       
   0         0         1        -0.16      0.38      0.017     0         0         0         0         0         0         0         0         0        -0.11      0.17      0       
   0         1         0         0.038    -0.012    -0.36      0         0         0         0         0         0         0         0         0         0.038     0.074     0       
  -1         0         0        -0.011     0.076    -0.22      0         0         0         0         0         0         0         0         0        -0.006     0.11      0       
   0         0         1        -0.17      0.18      0.018     0         0         0         0         0         0         0         0         0        -0.13     -0.018    -0.19    
   0         1         0         0.06     -0.012    -0.16      0         0         0         0         0         0         0         0         0         0.059    -0.02     -0.098   
  -1         0         0        -0.0088    0.076    -0.2       0         0         0         0         0         0         0         0         0        -0.0041    0.11      0.0075  
   0         0         0         0.1      -0.0002    0.99      0         0         0         0         0         0         0         0         0         0.1      -0.46     -0.46    
   0         0         0         0.15      0.99     -0.016     0         0         0         0         0         0         0         0         0         0.15      0.89      0.89    
   0         0         0        -0.98      0.15      0.1       0         0         0         0         0         0         0         0         0        -0.98      0.089     0.089   

EFC_POS
   0       
   0       
   0       
   0       
   0       
   0       
   0       
   0       
   0       
   0       
   0       
   0       
  -0.0007  
  -0.00071 
  -0.0022  
  -0.0024  
   0.00091 
   0       
   0       
   0.00089 
   0       
   0       
   0.00085 
   0       
   0       
   0.00097 
   0       
   0       
   0.00076 
   0       
   0       
   0       
   0       
   0       
   0.00096 
   0       
   0       
   0.00076 
   0       
   0       
   0       
   0       
   0       
   0.00099 
   0       
   0       
   0.00052 
   0       
   0       
   0       
   0       
   0       
   0.00099 
   0       
   0       
   0.00052 
   0       
   0       
   0       
   0       
   0       

EFC_MARGIN
   0       
   0       
   0       
   0       
   0       
   0       
   0       
   0       
   0       
   0       
   0       
   0       
   0       
   0       
   0       
   0       
   0.001   
   0       
   0       
   0.001   
   0       
   0       
   0.001   
   0       
   0       
   0.001   
   0       
   0       
   0.001   
   0       
   0       
   0       
   0       
   0       
   0.001   
   0       
   0       
   0.001   
   0       
   0       
   0       
   0       
   0       
   0.001   
   0       
   0       
   0.001   
   0       
   0       
   0       
   0       
   0       
   0.001   
   0       
   0       
   0.001   
   0       
   0       
   0       
   0       
   0       

EFC_FRICTIONLOSS
   0.2     
   0.2     
   0.2     
   0.2     
   0.2     
   0.2     
   0.2     
   0.2     
   0.2     
   0.2     
   0.2     
   0.2     
   0       
   0       
   0       
   0       
   0       
   0       
   0       
   0       
   0       
   0       
   0       
   0       
   0       
   0       
   0       
   0       
   0       
   0       
   0       
   0       
   0       
   0       
   0       
   0       
   0       
   0       
   0       
   0       
   0       
   0       
   0       
   0       
   0       
   0       
   0       
   0       
   0       
   0       
   0       
   0       
   0       
   0       
   0       
   0       
   0       
   0       
   0       
   0       
   0       

EFC_DIAGAPPROX
   29      
   29      
   80      
   29      
   29      
   80      
   29      
   29      
   80      
   29      
   29      
   80      
   80      
   80      
   80      
   80      
   0.071   
   0.00071 
   0.00071 
   0.071   
   0.00071 
   0.00071 
   0.071   
   0.00071 
   0.00071 
   0.17    
   0.0017  
   0.0017  
   1.8     
   0.018   
   0.018   
   7.1     
   28      
   28      
   0.17    
   0.0017  
   0.0017  
   1.8     
   0.018   
   0.018   
   7.1     
   28      
   28      
   0.18    
   0.0018  
   0.0018  
   1.8     
   0.018   
   0.018   
   7.1     
   28      
   28      
   0.18    
   0.0018  
   0.0018  
   1.8     
   0.018   
   0.018   
   7.1     
   28      
   28      

EFC_KBIP
   0         1.1e+02   0.9       0       
   0         1.1e+02   0.9       0       
   0         1.1e+02   0.9       0       
   0         1.1e+02   0.9       0       
   0         1.1e+02   0.9       0       
   0         1.1e+02   0.9       0       
   0         1.1e+02   0.9       0       
   0         1.1e+02   0.9       0       
   0         1.1e+02   0.9       0       
   0         1.1e+02   0.9       0       
   0         1.1e+02   0.9       0       
   0         1.1e+02   0.9       0       
   2.8e+03   1.1e+02   0.94     -61      
   2.8e+03   1.1e+02   0.94     -59      
   2.8e+03   1.1e+02   0.95      0       
   2.8e+03   1.1e+02   0.95      0       
   2.8e+03   1.1e+02   0.9      -19      
   0         1.1e+02   0.9      -19      
   0         1.1e+02   0.9      -19      
   2.8e+03   1.1e+02   0.9      -22      
   0         1.1e+02   0.9      -22      
   0         1.1e+02   0.9      -22      
   2.8e+03   1.1e+02   0.9      -29      
   0         1.1e+02   0.9      -29      
   0         1.1e+02   0.9      -29      
   2.8e+03   1.1e+02   0.9      -5.9     
   0         1.1e+02   0.9      -5.9     
   0         1.1e+02   0.9      -5.9     
   2.8e+03   1.1e+02   0.91     -49      
   0         1.1e+02   0.91     -49      
   0         1.1e+02   0.91     -49      
   0         1.1e+02   0.91     -49      
   0         1.1e+02   0.91     -49      
   0         1.1e+02   0.91     -49      
   2.8e+03   1.1e+02   0.9      -8.5     
   0         1.1e+02   0.9      -8.5     
   0         1.1e+02   0.9      -8.5     
   2.8e+03   1.1e+02   0.91     -49      
   0         1.1e+02   0.91     -49      
   0         1.1e+02   0.91     -49      
   0         1.1e+02   0.91     -49      
   0         1.1e+02   0.91     -49      
   0         1.1e+02   0.91     -49      
   2.8e+03   1.1e+02   0.9      -2.3     
   0         1.1e+02   0.9      -2.3     
   0         1.1e+02   0.9      -2.3     
   2.8e+03   1.1e+02   0.92     -95      
   0         1.1e+02   0.92     -95      
   0         1.1e+02   0.92     -95      
   0         1.1e+02   0.92     -95      
   0         1.1e+02   0.92     -95      
   0         1.1e+02   0.92     -95      
   2.8e+03   1.1e+02   0.9      -2.4     
   0         1.1e+02   0.9      -2.4     
   0         1.1e+02   0.9      -2.4     
   2.8e+03   1.1e+02   0.92     -97      
   0         1.1e+02   0.92     -97      
   0         1.1e+02   0.92     -97      
   0         1.1e+02   0.92     -97      
   0         1.1e+02   0.92     -97      
   0         1.1e+02   0.92     -97      

EFC_D
   0.31    
   0.32    
   0.11    
   0.31    
   0.32    
   0.11    
   0.31    
   0.31    
   0.11    
   0.31    
   0.31    
   0.11    
   0.2     
   0.2     
   0.24    
   0.24    
   1.3e+02 
   1.3e+04 
   1.3e+04 
   1.3e+02 
   1.3e+04 
   1.3e+04 
   1.3e+02 
   1.3e+04 
   1.3e+04 
   54      
   5.4e+03 
   5.4e+03 
   5.5     
   5.5e+02 
   5.5e+02 
   1.4     
   0.34    
   0.34    
   54      
   5.4e+03 
   5.4e+03 
   5.4     
   5.4e+02 
   5.4e+02 
   1.4     
   0.34    
   0.34    
   50      
   5e+03   
   5e+03   
   6.7     
   6.7e+02 
   6.7e+02 
   1.7     
   0.42    
   0.42    
   50      
   5e+03   
   5e+03   
   6.8     
   6.8e+02 
   6.8e+02 
   1.7     
   0.42    
   0.42    

EFC_R
   3.2     
   3.2     
   8.9     
   3.2     
   3.2     
   8.9     
   3.2     
   3.2     
   8.9     
   3.2     
   3.2     
   8.9     
   5       
   5       
   4.2     
   4.2     
   0.0078  
   7.8e-05 
   7.8e-05 
   0.0078  
   7.8e-05 
   7.8e-05 
   0.0077  
   7.7e-05 
   7.7e-05 
   0.019   
   0.00019 
   0.00019 
   0.18    
   0.0018  
   0.0018  
   0.73    
   2.9     
   2.9     
   0.019   
   0.00019 
   0.00019 
   0.18    
   0.0018  
   0.0018  
   0.73    
   2.9     
   2.9     
   0.02    
   0.0002  
   0.0002  
   0.15    
   0.0015  
   0.0015  
   0.6     
   2.4     
   2.4     
   0.02    
   0.0002  
   0.0002  
   0.15    
   0.0015  
   0.0015  
   0.59    
   2.4     
   2.4     

ACTUATOR_VELOCITY
   3.2e-05 
   6.7e-05 
  -2.2e-05 
  -0.00011 
   2.5e-05 
  -1.5e-05 
  -0.00031 
  -0.00016 
   0.00013 
   0.0002  
  -0.00017 
   0.00013 

CVEL
   0         0         0         0         0         0       
   4.1e-05   5e-06     2.1e-06   6.2e-07  -2.5e-06  -5.4e-07 
  -7e-05    -1.2e-05  -9.6e-06   8.8e-08  -2.7e-06   4.7e-06 
  -7.4e-05   1.3e-05  -6.2e-06  -1.8e-07  -3.4e-06   9.6e-06 
  -7.1e-05  -2.3e-06  -8.2e-06  -1.3e-06  -3.6e-06   9.6e-06 
  -7.1e-05  -2.3e-06  -8.2e-06  -1.3e-06  -3.6e-06   9.6e-06 
   7.3e-05   9.9e-06   5.5e-06   4.6e-07  -2.5e-06   9.6e-07 
   6.4e-05   7.6e-05  -3.4e-06  -7.9e-07  -9.4e-07   1.4e-05 
   6.7e-05   5.5e-05  -5.2e-07  -2.5e-06  -1.2e-06   1.4e-05 
   6.7e-05   5.5e-05  -5.2e-07  -2.5e-06  -1.2e-06   1.4e-05 
   0.00024   3.5e-05   2.3e-05   1.5e-06  -2.3e-06  -9.7e-06 
   0.00027  -0.00011  -5.6e-05  -2.7e-06  -1.8e-05   1.9e-05 
   0.00024   1.8e-06   5.2e-06   1e-05     8.2e-06  -2.6e-05 
   0.00024   1.8e-06   5.2e-06   1e-05     8.2e-06  -2.6e-05 
  -0.00026  -4.2e-05  -3e-05     2.1e-06  -2.5e-06  -1.5e-05 
  -0.00025  -0.00019   4.5e-05  -6.3e-06   1.1e-05   1.2e-05 
  -0.00026  -6.8e-05  -1.6e-05   1.4e-05  -1.1e-05  -3.3e-05 
  -0.00026  -6.8e-05  -1.6e-05   1.4e-05  -1.1e-05  -3.3e-05 

CDOF_DOT
   0         0         0         0         0         0       
   0         0         0         0         0         0       
   0         0         0         0         0         0       
   0         0         0        -1.8e-07  -5.9e-07   2.6e-06 
  -0         0         0         5.3e-07   8.2e-08   2.2e-07 
   0        -0         0        -2.6e-06  -5.6e-07  -2.7e-07 
   1.9e-07  -2.2e-06   1.4e-06  -4.1e-07   1.3e-06   2.6e-06 
   7.7e-06   1.1e-05  -7e-05    -7.6e-06   1.3e-05   1.5e-06 
   7.7e-06   1.1e-05  -7e-05    -9.7e-06  -1.7e-06  -2.6e-06 
   1.9e-07  -2.2e-06   1.4e-06   5e-08    -2.5e-06   2.6e-06 
  -6.7e-06   8.9e-06   7.3e-05   1.2e-06  -1.4e-05   2e-06   
  -6.7e-06   8.9e-06   7.3e-05  -1.3e-05  -2.6e-06  -6e-06   
   1.9e-07  -2.2e-06   1.4e-06  -4.1e-07   1.3e-06   2.6e-06 
  -3.7e-06  -0.00011   0.00021  -4.9e-07   4e-05     2.2e-05 
  -3.7e-06  -0.00011   0.00021   2.5e-05   8.2e-05   5.8e-05 
   1.9e-07  -2.2e-06   1.4e-06   5e-08    -2.5e-06   2.6e-06 
   4.5e-05  -0.00012  -0.00023   1.9e-05  -4.2e-05   2.5e-05 
   4.5e-05  -0.00012  -0.00023   5.4e-05  -8e-05     6.2e-05 

QFRC_BIAS
   4.4e-09 
   1.4e-09 
   1.5e+02 
  -0.0001  
   0.57    
   0.00013 
   1.1     
   0.47    
  -0.33    
  -1.1     
   0.47    
  -0.33    
   1.1     
   0.42    
  -0.3     
  -1.1     
   0.42    
  -0.3     

QFRC_SPRING
   0       
   0       
   0       
   0       
   0       
   0       
   0       
   0       
   0       
   0       
   0       
   0       
   0       
   0       
   0       
   0       
   0       
   0       

QFRC_DAMPER
   0       
   0       
   0       
   0       
   0       
   0       
   1.1e-05 
  -2.5e-06 
   1.5e-06 
  -3.2e-06 
  -6.7e-06 
   2.2e-06 
  -2e-05   
   1.7e-05 
  -1.3e-05 
   3.1e-05 
   1.6e-05 
  -1.3e-05 

QFRC_GRAVCOMP
   0       
   0       
   0       
   0       
   0       
   0       
   0       
   0       
   0       
   0       
   0       
   0       
   0       
   0       
   0       
   0       
   0       
   0       

QFRC_FLUID
   0       
   0       
   0       
   0       
   0       
   0       
   0       
   0       
   0       
   0       
   0       
   0       
   0       
   0       
   0       
   0       
   0       
   0       

QFRC_PASSIVE
   0       
   0       
   0       
   0       
   0       
   0       
   1.1e-05 
  -2.5e-06 
   1.5e-06 
  -3.2e-06 
  -6.7e-06 
   2.2e-06 
  -2e-05   
   1.7e-05 
  -1.3e-05 
   3.1e-05 
   1.6e-05 
  -1.3e-05 

EFC_VEL
  -0.00011 
   2.5e-05 
  -1.5e-05 
   3.2e-05 
   6.7e-05 
  -2.2e-05 
   0.0002  
  -0.00017 
   0.00013 
  -0.00031 
  -0.00016 
   0.00013 
  -1.5e-05 
  -2.2e-05 
   0.00013 
   0.00013 
  -2.7e-06 
   2.4e-07 
  -4e-07   
   1.2e-06 
   2.1e-07 
  -2e-07   
  -1.2e-07 
   1.2e-06 
  -1.4e-07 
  -6.1e-07 
  -8.9e-06 
   2.6e-07 
  -3.1e-06 
  -1.1e-05 
  -3.4e-07 
  -8.2e-06 
  -2.3e-06 
   7.1e-05 
   2.9e-06 
   3.8e-06 
   7e-06   
  -6.9e-06 
   3.7e-06 
   6.7e-06 
  -5.2e-07 
   5.5e-05 
  -6.7e-05 
  -8.6e-07 
   2.4e-05 
  -1.2e-05 
   8.8e-06 
   2.6e-05 
  -9.1e-06 
   5.2e-06 
   1.8e-06 
  -0.00024 
  -4.7e-07 
  -2.4e-05 
  -1.8e-05 
   8.1e-06 
  -2.8e-05 
  -1.6e-05 
  -1.6e-05 
  -6.8e-05 
   0.00026 

EFC_AREF
   0.012   
  -0.0027  
   0.0016  
  -0.0034  
  -0.0071  
   0.0023  
  -0.021   
   0.018   
  -0.014   
   0.032   
   0.017   
  -0.014   
   1.8     
   1.8     
   5.8     
   6.2     
   0.23    
  -2.5e-05 
   4.2e-05 
   0.28    
  -2.2e-05 
   2.1e-05 
   0.36    
  -0.00013 
   1.5e-05 
   0.074   
   0.00094 
  -2.7e-05 
   0.61    
   0.0011  
   3.6e-05 
   0.00087 
   0.00024 
  -0.0075  
   0.11    
  -0.0004  
  -0.00074 
   0.61    
  -0.00039 
  -0.0007  
   5.5e-05 
  -0.0057  
   0.007   
   0.029   
  -0.0026  
   0.0012  
   1.2     
  -0.0027  
   0.00096 
  -0.00055 
  -0.00019 
   0.025   
   0.03    
   0.0025  
   0.0018  
   1.2     
   0.0029  
   0.0017  
   0.0017  
   0.0072  
  -0.027   

SUBTREE_LINVEL
   0         0         0       
   0         0         0       
   0         0         0       
   0         0         0       
   0         0         0       
   0         0         0       
   0         0         0       
   0         0         0       
   0         0         0       
   0         0         0       
   0         0         0       
   0         0         0       
   0         0         0       
   0         0         0       
   0         0         0       
   0         0         0       
   0         0         0       
   0         0         0       

SUBTREE_ANGMOM
   0         0         0       
   0         0         0       
   0         0         0       
   0         0         0       
   0         0         0       
   0         0         0       
   0         0         0       
   0         0         0       
   0         0         0       
   0         0         0       
   0         0         0       
   0         0         0       
   0         0         0       
   0         0         0       
   0         0         0       
   0         0         0       
   0         0         0       
   0         0         0       

ACTUATOR_FORCE
  -0.00011 
  -0.00024 
   7.6e-05 
   0.0004  
  -8.9e-05 
   5.3e-05 
   0.0011  
   0.00057 
  -0.00047 
  -0.00069 
   0.0006  
  -0.00047 

QFRC_ACTUATOR
   0       
   0       
   0       
   0       
   0       
   0       
   0.0004  
  -8.9e-05 
   5.3e-05 
  -0.00011 
  -0.00024 
   7.6e-05 
  -0.00069 
   0.0006  
  -0.00047 
   0.0011  
   0.00057 
  -0.00047 

QFRC_SMOOTH
  -4.4e-09 
  -1.4e-09 
  -1.5e+02 
   0.0001  
  -0.57    
  -0.00013 
  -1.1     
  -0.47    
   0.33    
   1.1     
  -0.47    
   0.33    
  -1.1     
  -0.42    
   0.3     
   1.1     
  -0.42    
   0.3     

QACC_SMOOTH
   3.6e-05 
   4.4e-05 
  -9.8     
  -0.0071  
   0.0045  
  -0.00015 
   0.029   
  -0.0093  
   0.0058  
  -0.006   
  -0.016   
   0.0067  
  -0.049   
   0.039   
  -0.038   
   0.079   
   0.039   
  -0.04    

EFC_B
   0.017   
  -0.0067  
   0.0042  
  -0.0026  
  -0.0092  
   0.0044  
  -0.028   
   0.021   
  -0.024   
   0.046   
   0.022   
  -0.026   
  -1.8     
  -1.8     
  -5.9     
  -6.3     
  -10      
  -0.00036 
   0.00025 
  -10      
  -0.00035 
   0.00018 
  -10      
  -0.00067 
   0.00017 
  -9.9     
   0.0011  
  -0.00022 
  -10      
   0.0012  
  -0.00012 
   0.00075 
   0.004   
  -0.014   
  -9.9     
  -0.00078 
  -0.00074 
  -10      
  -0.00085 
  -0.00068 
  -0.0003  
  -0.0012  
   0.0052  
  -9.8     
  -0.0033  
   0.0014  
  -11      
  -0.0044  
   0.00081 
  -0.0051  
  -0.0033  
   0.03    
  -9.8     
   0.0031  
   0.0026  
  -11      
   0.0044  
   0.0023  
   0.0058  
   0.0077  
  -0.043   

EFC_FORCE
   0.0037  
  -0.00084 
   0.00018 
  -0.0011  
  -0.0022  
   0.00026 
  -0.0065  
   0.0057  
  -0.0016  
   0.01    
   0.0054  
  -0.0016  
   0.36    
   0.37    
   1.4     
   1.5     
   30      
  -0.32    
   0.54    
   36      
  -0.29    
   0.27    
   47      
  -1.7     
   0.19    
   4       
   4       
  -0.12    
   3.3     
   0.6     
   0.019   
   0.0012  
   8.2e-05 
  -0.0026  
   5.7     
  -2.1     
  -4       
   3.3     
  -0.22    
  -0.38    
   7.3e-05 
  -0.002   
   0.0024  
   1.6     
  -1.4     
   0.67    
   8.2     
  -1.8     
   0.64    
  -0.00092 
  -8e-05   
   0.011   
   1.7     
   1.3     
   0.99    
   8.4     
   2       
   1.1     
   0.0029  
   0.0031  
  -0.012   

EFC_STATE
  1
  1
  1
  1
  1
  1
  1
  1
  1
  1
  1
  1
  1
  1
  1
  1
  1
  1
  1
  1
  1
  1
  1
  1
  1
  4
  4
  4
  1
  1
  1
  1
  1
  1
  1
  1
  1
  1
  1
  1
  1
  1
  1
  4
  4
  4
  1
  1
  1
  1
  1
  1
  4
  4
  4
  1
  1
  1
  1
  1
  1

QFRC_CONSTRAINT
  -3.5e-06 
   1.2e-05 
   1.5e+02 
  -0.0001  
   0.57    
   0.00013 
   1.1     
   0.47    
  -0.33    
  -1.1     
   0.47    
  -0.33    
   1.1     
   0.42    
  -0.3     
  -1.1     
   0.42    
  -0.3     

QFRC_INVERSE
   0       
   0       
   0       
   0       
   0       
   0       
   0       
   0       
   0       
   0       
   0       
   0       
   0       
   0       
   0       
   0       
   0       
   0       

CACC
   0         0         0        -0        -0         9.8     
  -1.3e-05  -1.7e-06  -7.5e-07  -1.9e-07   8.5e-07   9.8     
   1.3e-05   2.3e-06   2e-06    -6.3e-08   8.8e-07   9.8     
   1.4e-05  -1.3e-06   1.5e-06  -2.5e-08   9.9e-07   9.8     
   1.4e-05   1.5e-06   1.9e-06   2e-07     1e-06     9.8     
   1.4e-05   1.5e-06   1.9e-06   2e-07     1e-06     9.8     
  -3.5e-06  -2.8e-07   2.2e-07  -2.3e-07   8.5e-07   9.8     
  -2e-06    -1.1e-05   1.7e-06  -2.4e-08   5.8e-07   9.8     
  -2.3e-06  -9.2e-06   1.4e-06   1.5e-07   6e-07     9.8     
  -2.3e-06  -9.2e-06   1.4e-06   1.5e-07   6e-07     9.8     
  -5.7e-05  -8.6e-06  -5.5e-06  -4e-07     7.9e-07   9.8     
  -6.5e-05   2.9e-05   1.4e-05   6.5e-07   4.7e-06   9.8     
  -5.9e-05  -1.1e-06  -1.5e-06  -2.6e-06  -2e-06     9.8     
  -5.9e-05  -1.1e-06  -1.5e-06  -2.6e-06  -2e-06     9.8     
   4.6e-05   7.4e-06   5.5e-06  -4.8e-07   8.4e-07   9.8     
   4.4e-05   3.1e-05  -6.8e-06   8.9e-07  -1.3e-06   9.8     
   4.6e-05   1.1e-05   3.8e-06  -2.6e-06   2.4e-06   9.8     
   4.6e-05   1.1e-05   3.8e-06  -2.6e-06   2.4e-06   9.8     

CFRC_INT
   5e-14     2.1e-13   3.4e-13  -2.8e-12   6.5e-13   2.1e-14 
   5e-14     2.1e-13   3.4e-13  -2.8e-12   6.5e-13   2.1e-14 
   1        -2.5      -0.059    -0.096    -4.6       13      
   0.51     -1.3      -0.059    -0.096    -4.6       6.4     
  -0.26      0.35     -0.12      0.019    -0.6      -0.98    
   0         0         0         0         0         0       
  -0.13     -2.4      -0.47     -4.3       2.4       11      
  -0.0041   -1.1      -0.47     -4.3       2.4       4.7     
   0.11      0.43      0.0059   -0.38      0.22     -0.95    
   0         0         0         0         0         0       
   0.25      2.2      -1.1       1.3       3.2       11      
   0.12      0.97     -1.1       1.3       3.2       3.9     
  -0.73     -1        -0.45      0.64      1.8      -5.8     
   0         0         0         0         0         0       
  -0.9       2         1.2       2.1      -3.3       10      
  -0.39      0.83      1.2       2.1      -3.3       3.6     
   1        -0.8       0.51      1.1      -2        -6       
   0         0         0         0         0         0       

CFRC_EXT
   0         0         0         0         0         0       
   0.51     -2.4      -0.42     -1        -2.3       1.1e+02 
   0         0         0         0         0         0       
   0.86      0.035    -0.06      0.12      4         4       
   0.67     -0.63      0.12     -0.019     0.6       3.3     
   0         0         0         0         0         0       
   0         0         0         0         0         0       
  -0.94     -0.48      0.47      4        -2.1       5.7     
  -0.41     -0.82     -0.0059    0.38     -0.22      3.3     
   0         0         0         0         0         0       
   0         0         0         0         0         0       
   0.048     0.68      0.64     -0.67     -1.4       1.6     
   1         1.7       0.45     -0.64     -1.8       8.2     
   0         0         0         0         0         0       
   0         0         0         0         0         0       
  -0.26      0.66     -0.68     -0.99      1.3       1.7     
  -1.5       1.3      -0.51     -1.1       2         8.4     
   0         0         0         0         0         0       

